# Directed graph: output.txt 
# Directed complete graph.
# Nodes: 250 Edges: 2500
# FromNodeId	ToNodeId
0	96
0	123
0	170
0	178
0	182
0	216
0	217
0	248
1	173
1	233
2	118
2	216
2	228
3	75
3	110
3	186
3	237
3	249
4	240
4	247
4	249
5	155
5	180
5	216
5	233
5	242
5	249
6	41
6	204
6	208
6	238
6	242
6	245
7	84
7	209
7	225
7	247
8	91
8	119
8	154
8	185
8	233
8	240
8	244
8	248
8	249
9	76
9	86
10	161
10	167
10	183
10	248
11	84
11	112
11	241
11	245
11	249
12	124
12	216
12	217
12	237
12	240
12	241
12	244
12	249
13	57
13	178
13	186
13	233
13	249
14	55
14	92
14	103
14	115
14	217
14	241
14	245
14	248
14	249
15	118
15	186
15	233
15	248
16	91
16	107
16	123
17	68
17	186
17	212
17	217
17	245
18	102
18	115
18	247
18	249
19	72
20	119
20	185
20	212
20	249
21	120
21	230
21	244
21	245
21	247
22	61
22	120
22	175
22	186
22	199
22	214
22	224
22	229
22	246
22	248
22	249
23	98
23	217
24	123
24	249
25	112
25	124
25	193
25	221
25	241
25	249
26	33
26	238
27	83
27	160
27	186
27	241
27	249
28	59
28	119
28	178
28	182
28	204
28	221
28	236
28	244
28	246
28	248
29	35
29	61
29	114
29	122
29	124
29	147
29	182
29	201
29	210
29	233
29	244
29	245
29	247
29	249
30	108
30	146
30	164
30	185
30	219
30	233
30	234
30	237
30	239
30	248
30	249
31	87
31	149
31	178
31	213
31	237
31	249
32	112
33	150
33	162
33	239
34	135
34	170
34	186
34	217
34	223
34	225
34	233
34	249
35	29
35	169
35	182
35	209
35	239
35	241
36	106
36	213
36	231
36	233
36	249
37	68
37	79
37	87
37	119
37	151
37	186
37	225
37	229
37	240
37	248
38	195
38	217
38	233
38	236
38	246
38	249
39	108
39	111
39	114
39	152
39	247
40	49
40	68
40	111
40	124
40	170
40	205
40	249
41	61
41	92
41	121
41	162
41	242
42	30
42	55
42	92
42	116
42	119
42	123
42	186
42	201
42	217
42	249
43	22
43	79
43	209
43	245
44	90
44	122
44	145
44	155
44	176
44	184
44	223
44	233
44	241
44	248
44	249
45	72
45	105
45	122
45	123
45	124
45	154
45	170
45	178
45	194
45	207
45	209
45	232
45	233
45	245
45	247
45	248
45	249
46	59
46	225
46	229
46	237
47	44
47	151
47	201
47	217
48	92
48	108
48	247
49	91
49	92
49	120
49	216
49	245
50	59
50	80
50	91
50	92
50	174
50	186
50	209
50	221
50	247
51	123
51	178
51	241
52	45
52	84
52	111
52	154
52	199
52	209
52	211
52	217
52	225
52	227
52	248
52	249
53	60
53	105
53	106
53	124
53	181
53	211
53	212
53	218
53	232
53	233
53	246
54	193
54	230
54	243
54	249
55	119
55	193
55	216
55	241
56	70
56	92
56	116
56	124
56	184
56	215
56	217
56	239
57	100
57	178
57	204
57	240
57	246
57	248
58	92
58	139
58	143
58	193
58	197
58	233
58	247
58	249
59	26
59	116
59	120
59	147
59	161
59	182
59	229
59	232
59	244
59	245
60	110
60	151
60	154
60	182
60	191
60	211
60	215
60	231
60	241
61	32
61	114
61	115
61	178
61	184
61	204
61	216
61	229
61	230
61	236
61	241
61	247
61	249
62	118
62	212
62	248
62	249
63	20
63	124
63	235
63	245
64	186
64	245
64	248
65	56
65	61
65	186
65	245
65	249
66	108
66	154
66	155
66	179
66	184
66	186
66	213
66	215
66	225
66	233
66	243
66	249
67	166
67	170
67	185
67	213
67	229
67	249
68	103
68	150
68	249
69	108
69	178
69	186
69	229
70	105
70	151
70	182
70	217
70	238
70	241
71	119
71	227
71	233
71	241
71	249
72	185
73	61
73	92
73	100
73	106
73	120
73	225
73	233
73	247
73	249
74	120
74	121
74	172
74	177
74	186
74	225
75	53
75	61
75	83
75	116
75	248
76	53
76	99
76	108
76	120
76	168
76	180
76	186
76	236
76	241
76	245
76	246
76	248
77	155
77	174
77	178
77	249
78	44
78	45
78	92
78	217
78	247
79	61
79	178
79	186
80	59
80	100
80	124
80	166
80	244
81	53
81	124
81	186
81	228
82	61
82	232
83	122
83	124
83	182
83	185
83	201
83	229
83	245
83	249
84	33
84	53
84	92
84	102
84	182
84	184
84	211
84	244
85	116
85	124
85	160
85	168
85	174
85	233
85	241
85	245
86	123
86	170
86	182
86	183
86	186
86	199
86	201
86	248
87	119
87	155
87	168
87	191
87	206
87	217
87	229
87	247
88	53
88	185
88	229
88	244
88	249
89	59
89	116
89	176
89	232
89	248
90	120
90	124
90	186
90	200
90	233
90	243
91	170
91	176
91	178
91	183
91	186
91	217
92	53
92	57
92	59
92	117
92	162
92	174
92	175
92	182
92	186
92	225
92	238
92	239
92	241
93	151
93	247
94	217
94	237
94	245
95	53
95	186
95	198
95	214
96	56
96	125
96	154
96	167
96	170
96	201
96	209
97	18
97	108
97	155
97	174
97	182
97	209
97	229
98	124
98	126
98	138
98	197
98	204
98	217
98	242
98	244
98	248
99	124
99	182
99	217
99	240
99	245
100	30
100	91
100	99
100	145
100	154
100	180
100	201
100	246
100	247
100	248
101	53
101	148
101	213
101	217
102	22
102	95
102	124
102	183
102	240
102	241
102	246
103	28
103	92
103	119
103	143
103	155
103	186
103	249
104	147
104	193
104	216
104	249
105	56
105	174
105	178
105	182
105	185
105	186
105	209
105	217
105	248
105	249
106	76
106	87
106	185
106	186
106	193
106	201
106	209
106	212
106	214
106	217
106	241
106	248
107	139
107	153
107	170
107	186
107	201
107	217
107	225
107	238
107	243
108	25
108	53
108	76
108	136
108	147
108	179
108	182
108	185
108	190
108	198
108	217
108	227
108	240
108	247
109	166
109	249
110	183
110	185
110	186
111	4
111	60
111	92
111	241
111	247
112	124
112	155
112	168
112	179
112	232
112	240
112	241
112	245
113	90
113	150
113	151
113	249
114	20
114	27
114	123
114	185
114	224
114	228
114	229
114	241
114	249
115	53
115	61
115	88
115	108
115	123
115	124
115	186
115	213
115	217
115	243
115	245
115	249
116	44
116	88
116	120
116	155
116	170
116	185
116	247
116	248
117	61
117	124
117	170
117	244
117	249
118	80
118	176
118	185
118	208
118	217
119	199
119	209
119	241
119	243
119	247
119	249
120	61
120	92
120	192
120	198
120	209
120	215
120	228
120	231
120	232
121	126
121	151
121	162
121	172
121	178
121	186
121	217
121	233
121	241
121	249
122	26
122	81
122	108
122	121
122	134
122	193
122	217
122	223
122	225
122	229
122	238
122	245
122	249
123	124
123	154
123	178
123	184
123	185
123	186
123	189
123	191
123	197
123	213
123	240
123	243
123	249
124	119
124	155
124	171
124	185
124	216
124	217
124	244
124	245
125	56
125	58
125	92
125	114
125	122
125	206
125	212
125	229
125	231
125	245
125	249
126	27
126	41
126	61
126	124
126	170
126	180
126	183
126	213
126	225
126	246
126	249
127	27
127	100
127	108
127	120
127	124
127	177
127	183
127	233
127	238
127	241
127	242
127	245
127	249
128	182
128	184
128	186
128	221
128	225
128	249
129	56
129	60
129	89
129	99
129	116
129	169
129	170
129	186
129	201
129	212
129	217
129	224
129	229
129	235
129	244
129	245
129	247
129	249
130	37
130	103
130	108
130	120
130	124
130	152
130	153
130	182
130	185
130	211
130	213
130	229
130	231
130	235
130	244
130	245
130	249
131	90
131	152
131	181
131	229
131	238
131	239
131	243
131	244
131	248
131	249
132	61
132	112
132	116
132	123
132	124
132	182
132	241
132	249
133	21
133	76
133	124
133	158
133	177
133	217
133	235
133	241
133	244
133	248
134	43
134	108
134	124
134	184
134	213
134	228
134	233
134	237
135	91
135	116
135	123
135	162
135	178
135	185
135	193
135	204
135	205
135	217
135	221
135	228
135	233
135	241
135	248
135	249
136	53
136	116
136	124
136	213
136	217
136	227
136	231
136	233
136	237
136	244
136	248
137	61
137	114
137	120
137	123
137	124
137	154
137	155
137	182
137	211
137	230
137	233
137	241
137	248
137	249
138	76
138	78
138	124
138	155
138	228
138	230
138	241
138	247
138	249
139	5
139	62
139	75
139	78
139	100
139	114
139	120
139	121
139	124
139	145
139	162
139	168
139	186
139	199
139	235
139	243
139	245
139	247
139	248
139	249
140	61
140	63
140	108
140	116
140	122
140	209
140	249
141	205
141	236
142	26
142	92
142	103
142	104
142	124
142	247
142	249
143	102
143	103
143	104
143	120
143	122
143	159
143	184
143	201
143	229
143	233
143	247
143	248
143	249
144	61
144	104
144	116
144	121
144	124
144	186
144	229
144	244
144	249
145	76
145	92
145	108
145	116
145	122
145	123
145	147
145	173
145	182
145	225
145	231
145	233
145	240
145	248
145	249
146	58
146	111
146	116
146	138
146	180
146	241
146	244
146	245
146	248
146	249
147	68
147	104
147	107
147	120
147	201
147	211
147	231
147	232
147	241
147	247
147	249
148	118
148	124
148	170
148	221
148	230
148	249
149	30
149	60
149	91
149	117
149	155
149	185
149	207
149	230
149	246
149	249
150	92
150	124
150	174
150	186
150	193
150	233
150	245
150	249
151	53
151	60
151	88
151	100
151	122
151	123
151	162
151	185
151	207
151	213
151	226
151	242
151	245
151	249
152	61
152	119
152	178
152	182
152	201
152	209
152	215
152	217
152	222
152	227
152	233
152	237
152	241
152	242
152	249
153	53
153	56
153	68
153	100
153	116
153	118
153	122
153	124
153	152
153	156
153	174
153	176
153	178
153	181
153	185
153	214
153	219
153	232
153	237
153	240
153	244
153	248
153	249
154	22
154	53
154	96
154	116
154	117
154	120
154	124
154	147
154	172
154	174
154	182
154	184
154	186
154	193
154	217
154	225
154	229
154	231
154	241
154	245
154	247
154	249
155	18
155	22
155	44
155	48
155	58
155	85
155	92
155	107
155	114
155	116
155	119
155	121
155	123
155	183
155	185
155	186
155	196
155	201
155	217
155	226
155	238
155	239
155	240
155	241
155	244
155	245
155	247
155	248
155	249
156	44
156	108
156	120
156	124
156	154
156	216
156	217
156	225
156	240
156	246
157	49
157	52
157	56
157	59
157	84
157	137
157	186
157	217
157	227
157	241
157	247
157	249
158	30
158	76
158	108
158	155
158	169
158	182
158	213
158	216
158	233
158	245
158	247
158	249
159	92
159	108
159	115
159	118
159	155
159	182
159	186
159	203
159	215
159	216
159	217
159	225
159	233
159	237
159	245
159	247
159	249
160	68
160	75
160	116
160	119
160	120
160	124
160	154
160	170
160	181
160	213
160	216
160	217
160	236
160	241
160	244
160	245
160	249
161	53
161	61
161	88
161	120
161	124
161	182
161	200
161	213
161	215
161	217
161	232
161	245
161	246
161	247
162	74
162	92
162	120
162	149
162	201
162	217
162	227
162	233
162	239
162	240
162	244
162	246
162	249
163	120
163	122
163	124
163	189
163	201
163	217
163	225
163	240
163	245
164	119
164	124
164	142
164	177
164	216
164	225
164	233
164	242
164	248
165	41
165	57
165	80
165	116
165	197
165	215
165	238
165	247
166	17
166	76
166	106
166	116
166	124
166	131
166	177
166	182
166	184
166	203
166	205
166	209
166	217
166	232
166	233
166	240
166	248
166	249
167	18
167	55
167	75
167	116
167	155
167	201
167	205
167	217
167	233
167	236
167	237
167	241
167	247
167	249
168	88
168	100
168	106
168	113
168	116
168	120
168	123
168	124
168	177
168	178
168	186
168	189
168	207
168	208
168	215
168	217
168	232
168	234
168	240
168	241
168	243
168	244
168	248
168	249
169	30
169	57
169	88
169	90
169	99
169	100
169	121
169	123
169	124
169	150
169	155
169	170
169	178
169	201
169	208
169	237
169	245
169	246
169	248
169	249
170	61
170	104
170	116
170	145
170	180
170	182
170	183
170	186
170	194
170	213
170	216
170	228
170	229
170	230
170	232
170	238
170	239
170	245
170	247
170	248
170	249
171	30
171	124
171	155
171	178
171	186
171	215
171	247
171	249
172	70
172	212
172	229
172	233
173	30
173	124
173	199
173	213
173	217
173	249
174	68
174	91
174	100
174	123
174	181
174	185
174	216
174	224
174	231
174	241
174	243
174	244
174	249
175	30
175	41
175	48
175	75
175	76
175	88
175	155
175	170
175	173
175	217
175	245
175	247
175	249
176	77
176	84
176	124
176	186
176	213
176	216
176	217
176	224
176	232
176	233
176	245
176	249
177	29
177	56
177	74
177	108
177	124
177	143
177	147
177	182
177	186
177	195
177	205
177	214
177	215
177	231
177	236
177	239
177	241
177	243
177	245
177	249
178	30
178	61
178	92
178	96
178	103
178	107
178	111
178	113
178	114
178	119
178	124
178	151
178	186
178	212
178	213
178	215
178	216
178	217
178	229
178	241
178	247
179	88
179	92
179	124
179	181
179	209
179	232
179	233
179	241
179	245
179	249
180	83
180	115
180	120
180	123
180	124
180	177
180	185
180	205
180	217
180	225
180	232
180	236
180	237
180	242
180	245
180	248
181	45
181	49
181	84
181	134
181	201
181	207
181	241
181	246
182	76
182	100
182	112
182	116
182	122
182	123
182	124
182	154
182	155
182	170
182	186
182	217
182	249
183	56
183	104
183	124
183	161
183	174
183	178
183	215
183	217
183	233
183	241
183	245
184	60
184	61
184	72
184	76
184	79
184	123
184	147
184	170
184	186
184	216
184	217
184	224
184	226
184	232
184	236
184	237
184	239
184	240
184	245
184	249
185	59
185	122
185	147
185	155
185	184
185	197
185	209
185	213
185	215
185	217
185	221
185	229
185	231
185	236
185	245
185	247
185	249
186	37
186	92
186	114
186	115
186	116
186	119
186	124
186	147
186	161
186	163
186	167
186	177
186	178
186	184
186	193
186	208
186	217
186	233
186	235
186	237
186	241
186	244
186	246
186	247
186	248
186	249
187	57
187	58
187	119
187	122
187	124
187	165
187	182
187	183
187	216
187	229
187	244
187	248
188	57
188	147
188	178
188	245
188	247
189	119
189	123
189	209
189	212
189	229
189	248
190	61
190	104
190	112
190	120
190	201
190	205
190	239
190	248
190	249
191	38
191	41
191	55
191	76
191	85
191	91
191	122
191	123
191	151
191	177
191	181
191	185
191	232
191	247
191	248
191	249
192	6
192	114
192	123
192	124
192	171
192	178
192	217
192	239
192	241
193	30
193	40
193	185
193	217
193	232
193	233
193	241
193	245
193	247
193	249
194	45
194	60
194	112
194	178
194	185
194	186
194	237
194	239
194	248
195	61
195	103
195	120
195	171
195	175
195	185
195	186
195	240
195	244
195	246
196	53
196	57
196	59
196	184
196	232
196	233
196	235
196	237
196	241
196	249
197	52
197	83
197	147
197	150
197	161
197	179
197	181
197	184
197	185
197	186
197	209
197	212
197	216
197	233
197	237
197	241
197	244
197	249
198	50
198	57
198	60
198	104
198	107
198	108
198	147
198	177
198	186
198	217
198	233
198	236
198	240
198	241
198	249
199	22
199	52
199	56
199	59
199	116
199	159
199	168
199	184
199	185
199	209
199	233
199	241
199	245
199	248
199	249
200	45
200	88
200	99
200	100
200	102
200	119
200	170
200	178
200	182
200	231
200	240
200	241
200	246
200	248
200	249
201	29
201	51
201	60
201	61
201	108
201	114
201	124
201	148
201	160
201	170
201	178
201	184
201	185
201	186
201	217
201	230
201	233
201	236
201	239
201	241
201	245
201	247
201	248
201	249
202	169
202	213
202	223
203	37
203	41
203	42
203	57
203	61
203	95
203	107
203	108
203	230
204	45
204	123
204	151
204	174
204	176
204	184
204	186
204	217
204	229
204	233
204	237
205	14
205	60
205	83
205	120
205	124
205	169
205	179
205	184
205	185
205	216
205	217
205	231
205	232
205	238
205	244
205	248
205	249
206	92
206	106
206	124
206	168
206	177
206	182
206	186
206	213
206	240
206	241
206	249
207	29
207	56
207	90
207	92
207	101
207	115
207	121
207	124
207	151
207	169
207	177
207	185
207	204
207	212
207	228
207	232
207	244
207	249
208	60
208	61
208	114
208	120
208	143
208	158
208	174
208	186
208	224
208	230
208	233
208	237
208	241
208	247
208	248
208	249
209	98
209	107
209	109
209	112
209	116
209	122
209	123
209	146
209	159
209	185
209	186
209	205
209	240
209	244
209	245
209	246
209	249
210	61
210	124
210	152
210	154
210	249
211	115
211	122
211	152
211	230
211	232
211	246
212	39
212	239
212	245
212	249
213	60
213	91
213	120
213	123
213	124
213	174
213	182
213	185
213	240
213	249
214	7
214	61
214	87
214	106
214	112
214	122
214	123
214	162
214	186
214	232
214	237
214	243
214	247
215	44
215	52
215	59
215	61
215	108
215	169
215	172
215	181
215	185
215	219
215	220
215	233
215	240
215	247
215	248
216	37
216	59
216	72
216	155
216	162
216	168
216	177
216	186
216	233
216	239
216	241
216	243
216	245
216	249
217	36
217	49
217	91
217	95
217	115
217	116
217	120
217	122
217	123
217	124
217	139
217	147
217	157
217	167
217	171
217	178
217	184
217	186
217	215
217	228
217	241
217	243
217	246
217	249
218	61
218	92
218	113
218	114
218	120
218	215
218	231
219	57
219	96
219	108
219	116
219	118
219	154
219	177
219	216
219	217
219	241
220	118
220	124
220	149
220	153
220	154
220	170
220	209
220	217
220	233
220	247
220	249
221	49
221	121
221	123
221	147
221	155
221	181
221	189
221	212
221	217
221	245
221	249
222	24
222	53
222	57
222	85
222	100
222	104
222	108
222	116
222	139
222	195
222	233
222	241
222	245
222	248
223	39
223	52
223	118
223	164
223	173
223	174
223	181
223	186
223	209
223	215
223	216
223	224
223	229
223	233
223	240
223	245
223	249
224	90
224	124
224	153
224	155
224	181
224	185
224	186
224	207
224	214
224	217
224	223
224	239
224	243
224	245
224	248
225	16
225	56
225	62
225	80
225	86
225	91
225	116
225	122
225	138
225	154
225	174
225	184
225	208
225	211
225	212
225	215
225	217
225	229
225	233
225	241
225	244
225	245
225	248
225	249
226	22
226	45
226	83
226	123
226	170
226	180
226	182
226	209
226	236
226	245
226	249
227	29
227	33
227	83
227	84
227	115
227	123
227	201
227	205
227	239
227	249
228	89
228	118
228	216
228	233
228	235
228	241
229	35
229	92
229	116
229	147
229	149
229	154
229	177
229	178
229	207
229	228
229	230
229	242
229	243
229	249
230	72
230	91
230	92
230	107
230	120
230	143
230	178
230	180
230	193
230	209
230	213
230	216
230	229
230	237
230	241
230	249
231	26
231	52
231	57
231	58
231	60
231	77
231	81
231	88
231	92
231	111
231	124
231	154
231	155
231	169
231	174
231	178
231	180
231	182
231	186
231	217
231	236
231	240
231	245
231	249
232	22
232	37
232	47
232	53
232	88
232	92
232	120
232	124
232	151
232	186
232	192
232	203
232	211
232	217
232	233
232	243
232	245
232	248
232	249
233	20
233	37
233	44
233	61
233	78
233	87
233	101
233	106
233	116
233	119
233	124
233	154
233	155
233	156
233	177
233	184
233	185
233	186
233	197
233	205
233	216
233	230
233	236
233	240
233	245
233	246
233	248
233	249
234	6
234	26
234	145
234	152
234	155
234	179
234	182
234	245
235	58
235	60
235	80
235	87
235	96
235	124
235	150
235	212
235	214
235	233
235	249
236	30
236	55
236	141
236	146
236	151
236	155
236	161
236	182
236	193
236	213
236	217
236	232
236	233
236	241
237	117
237	119
237	120
237	123
237	132
237	174
237	206
237	212
237	214
237	238
237	248
237	249
238	0
238	27
238	114
238	120
238	124
238	138
238	166
238	186
238	200
238	209
238	213
238	217
238	227
238	233
238	245
238	249
239	30
239	56
239	61
239	92
239	106
239	116
239	118
239	122
239	124
239	138
239	169
239	170
239	185
239	216
239	217
239	241
239	242
239	248
239	249
240	61
240	91
240	119
240	120
240	124
240	134
240	169
240	170
240	182
240	186
240	199
240	213
240	215
240	217
240	232
240	247
240	249
241	57
241	61
241	87
241	88
241	104
241	155
241	170
241	197
241	207
241	213
241	223
241	233
241	244
241	245
241	247
241	248
242	10
242	12
242	124
242	139
242	186
242	194
242	203
242	233
242	247
243	37
243	60
243	103
243	124
243	155
243	159
243	185
243	186
243	197
243	205
243	211
243	217
243	237
243	238
243	242
243	249
244	49
244	51
244	61
244	86
244	92
244	116
244	124
244	139
244	162
244	176
244	178
244	182
244	193
244	233
245	45
245	53
245	114
245	116
245	123
245	124
245	169
245	176
245	178
245	184
245	204
245	219
245	240
245	247
245	248
245	249
246	12
246	112
246	116
246	124
246	161
246	166
246	169
246	197
246	201
246	205
246	213
246	217
246	240
246	241
246	245
246	249
247	33
247	45
247	64
247	84
247	92
247	120
247	139
247	154
247	168
247	170
247	193
247	201
247	204
247	215
247	216
247	220
247	229
247	233
247	234
247	240
247	244
247	245
247	248
248	30
248	62
248	68
248	74
248	116
248	120
248	123
248	124
248	133
248	143
248	162
248	178
248	207
248	209
248	217
248	222
248	239
248	240
249	19
249	26
249	55
249	56
249	61
249	64
249	79
249	82
249	87
249	91
249	92
249	103
249	108
249	116
249	120
249	123
249	131
249	134
249	142
249	154
249	155
249	158
249	162
249	185
249	189
249	192
249	203
249	204
249	207
249	210
249	214
249	215
249	217
249	228
249	230
249	232
249	237
249	241
249	246
249	247
249	248
